10 500
1000.00 15.00 107.00 3.00 94.00 1984.00 248.00 741.00 624.00 482.00
753.75 284.25 58.00 51.75 543.75 1077.50 805.25 588.50 617.75 517.50
636.38 345.06 113.00 176.31 554.19 876.00 819.12 650.00 585.38 542.56
563.55 359.88 186.84 254.95 540.17 781.33 791.06 676.12 590.83 553.27
512.63 367.54 247.13 309.23 529.16 723.47 759.89 683.54 602.76 562.66
476.36 373.71 292.76 348.69 522.75 684.00 731.70 682.43 612.93 572.68
450.69 379.13 326.98 378.22 519.55 655.61 707.46 677.37 620.24 582.74
432.80 383.98 352.83 400.74 518.23 634.56 686.98 670.61 625.15 592.12
420.60 388.40 372.59 418.14 517.94 618.58 669.78 663.34 628.26 600.38
412.55 392.50 387.93 431.70 518.15 606.22 655.37 656.18 630.06 607.35
407.54 396.37 400.02 442.37 518.56 596.49 643.28 649.45 630.91 613.02
404.74 400.07 409.69 450.83 518.99 588.70 633.13 643.27 631.07 617.50
403.58 403.64 417.57 457.59 519.38 582.38 624.56 637.69 630.73 620.89
403.59 407.11 424.09 463.03 519.68 577.18 617.30 632.66 630.01 623.35
404.47 410.48 429.58 467.46 519.89 572.83 611.11 628.16 629.01 625.01
405.97 413.75 434.27 471.10 520.02 569.17 605.80 624.11 627.80 626.01
407.92 416.94 438.35 474.12 520.08 566.04 601.22 620.45 626.43 626.46
410.17 420.04 441.94 476.67 520.08 563.34 597.23 617.14 624.94 626.45
412.64 423.05 445.15 478.84 520.04 561.00 593.74 614.11 623.37 626.07
415.24 425.97 448.04 480.72 519.98 558.94 590.65 611.33 621.73 625.40
417.92 428.81 450.69 482.36 519.90 557.13 587.89 608.76 620.05 624.48
420.64 431.56 453.14 483.83 519.83 555.51 585.42 606.37 618.33 623.37
423.37 434.22 455.42 485.16 519.75 554.07 583.18 604.12 616.60 622.11
426.08 436.81 457.55 486.37 519.68 552.77 581.14 602.01 614.86 620.74
428.77 439.31 459.57 487.49 519.62 551.59 579.26 600.00 613.11 619.27
431.40 441.74 461.49 488.55 519.58 550.51 577.53 598.09 611.37 617.73
433.99 444.09 463.32 489.54 519.56 549.54 575.92 596.27 609.64 616.14
436.51 446.37 465.07 490.49 519.55 548.64 574.41 594.53 607.92 614.52
438.98 448.58 466.75 491.40 519.55 547.81 573.00 592.85 606.22 612.87
441.38 450.72 468.37 492.27 519.58 547.04 571.66 591.23 604.54 611.21
443.71 452.80 469.93 493.12 519.62 546.33 570.40 589.66 602.88 609.54
445.99 454.81 471.45 493.95 519.67 545.67 569.20 588.15 601.24 607.87
448.19 456.76 472.91 494.75 519.74 545.05 568.05 586.69 599.63 606.22
450.33 458.66 474.34 495.54 519.82 544.47 566.96 585.26 598.04 604.57
452.42 460.50 475.72 496.31 519.92 543.93 565.92 583.88 596.48 602.94
454.44 462.28 477.06 497.06 520.02 543.42 564.91 582.54 594.94 601.32
456.40 464.02 478.37 497.80 520.13 542.94 563.95 581.23 593.44 599.73
458.30 465.70 479.64 498.53 520.25 542.49 563.02 579.96 591.96 598.15
460.15 467.33 480.87 499.24 520.38 542.06 562.12 578.73 590.51 596.61
461.95 468.92 482.08 499.93 520.51 541.66 561.26 577.52 589.09 595.08
463.69 470.47 483.25 500.61 520.65 541.27 560.42 576.35 587.69 593.58
465.39 471.97 484.40 501.28 520.80 540.91 559.62 575.20 586.33 592.11
467.03 473.43 485.51 501.94 520.95 540.56 558.84 574.09 584.99 590.66
468.63 474.85 486.60 502.59 521.10 540.22 558.08 573.00 583.68 589.25
470.19 476.23 487.66 503.22 521.25 539.91 557.35 571.94 582.40 587.86
471.70 477.58 488.69 503.84 521.41 539.60 556.63 570.91 581.15 586.49
473.17 478.89 489.70 504.44 521.56 539.31 555.94 569.90 579.93 585.16
474.60 480.16 490.68 505.04 521.72 539.03 555.28 568.92 578.73 583.85
475.99 481.40 491.64 505.62 521.88 538.77 554.63 567.96 577.56 582.57
477.34 482.61 492.57 506.19 522.03 538.51 553.99 567.03 576.41 581.32
478.66 483.78 493.49 506.75 522.19 538.26 553.38 566.11 575.29 580.09
479.94 484.93 494.38 507.29 522.35 538.02 552.78 565.22 574.20 578.89
481.19 486.04 495.24 507.83 522.50 537.79 552.20 564.36 573.13 577.72
482.40 487.13 496.09 508.35 522.66 537.57 551.64 563.51 572.08 576.57
483.58 488.19 496.91 508.86 522.81 537.36 551.09 562.69 571.06 575.45
484.73 489.22 497.72 509.36 522.96 537.16 550.56 561.88 570.06 574.35
485.85 490.22 498.50 509.85 523.11 536.96 550.04 561.10 569.09 573.28
486.95 491.20 499.27 510.33 523.26 536.77 549.53 560.33 568.14 572.23
488.01 492.15 500.02 510.80 523.40 536.58 549.04 559.58 567.21 571.21
489.05 493.08 500.75 511.25 523.55 536.40 548.56 558.85 566.30 570.21
490.06 493.99 501.46 511.70 523.69 536.23 548.09 558.14 565.42 569.23
491.04 494.87 502.15 512.14 523.82 536.06 547.64 557.45 564.55 568.28
492.00 495.73 502.83 512.56 523.96 535.90 547.20 556.77 563.71 567.35
492.93 496.57 503.49 512.98 524.09 535.74 546.77 556.11 562.88 566.44
493.84 497.39 504.13 513.38 524.23 535.58 546.34 555.47 562.08 565.55
494.73 498.19 504.76 513.78 524.35 535.43 545.94 554.84 561.29 564.68
495.59 498.97 505.37 514.17 524.48 535.29 545.54 554.23 560.53 563.83
496.44 499.73 505.97 514.55 524.61 535.15 545.15 553.63 559.78 563.01
497.26 500.46 506.55 514.92 524.73 535.01 544.77 553.05 559.05 562.20
498.06 501.19 507.12 515.28 524.85 534.88 544.40 552.48 558.34 561.41
498.84 501.89 507.68 515.63 524.96 534.75 544.04 551.92 557.64 560.64
499.60 502.57 508.22 515.98 525.08 534.63 543.69 551.38 556.96 559.89
500.35 503.24 508.75 516.31 525.19 534.50 543.35 550.85 556.30 559.16
501.07 503.89 509.26 516.64 525.30 534.39 543.01 550.34 555.65 558.44
501.78 504.53 509.76 516.96 525.41 534.27 542.69 549.84 555.02 557.75
502.46 505.15 510.26 517.27 525.51 534.16 542.37 549.34 554.41 557.07
503.14 505.76 510.73 517.58 525.61 534.05 542.06 548.87 553.81 556.40
503.79 506.35 511.20 517.88 525.71 533.94 541.76 548.40 553.22 555.75
504.43 506.92 511.66 518.17 525.81 533.84 541.47 547.94 552.65 555.12
505.05 507.48 512.10 518.45 525.91 533.74 541.18 547.50 552.09 554.50
505.66 508.03 512.53 518.73 526.00 533.64 540.90 547.07 551.55 553.90
506.25 508.56 512.95 519.00 526.09 533.55 540.63 546.65 551.01 553.31
506.83 509.08 513.37 519.26 526.18 533.45 540.36 546.23 550.50 552.74
507.39 509.59 513.77 519.52 526.27 533.36 540.10 545.83 549.99 552.18
507.94 510.09 514.16 519.77 526.35 533.27 539.85 545.44 549.50 551.63
508.48 510.57 514.54 520.01 526.44 533.19 539.60 545.06 549.02 551.10
509.00 511.04 514.92 520.25 526.52 533.10 539.36 544.68 548.55 550.58
509.51 511.50 515.28 520.49 526.60 533.02 539.13 544.32 548.09 550.07
510.01 511.95 515.64 520.71 526.68 532.94 538.90 543.96 547.64 549.57
510.49 512.39 515.98 520.93 526.75 532.87 538.68 543.62 547.20 549.09
510.97 512.81 516.32 521.15 526.83 532.79 538.46 543.28 546.78 548.62
511.43 513.23 516.65 521.36 526.90 532.72 538.25 542.95 546.36 548.16
511.88 513.63 516.97 521.57 526.97 532.64 538.04 542.63 545.96 547.71
512.32 514.03 517.29 521.77 527.04 532.57 537.84 542.31 545.56 547.27
512.74 514.42 517.59 521.97 527.10 532.51 537.64 542.01 545.18 546.84
513.16 514.79 517.89 522.16 527.17 532.44 537.45 541.71 544.80 546.43
513.57 515.16 518.18 522.34 527.23 532.37 537.26 541.42 544.43 546.02
513.97 515.52 518.47 522.53 527.30 532.31 537.08 541.13 544.08 545.62
514.36 515.87 518.75 522.70 527.36 532.25 536.90 540.85 543.73 545.24
514.73 516.21 519.02 522.88 527.42 532.19 536.73 540.58 543.39 544.86
515.10 516.54 519.28 523.05 527.48 532.13 536.56 540.32 543.05 544.49
515.46 516.87 519.54 523.21 527.53 532.07 536.39 540.06 542.73 544.13
515.81 517.18 519.79 523.37 527.59 532.02 536.23 539.81 542.41 543.78
516.16 517.49 520.03 523.53 527.64 531.96 536.07 539.57 542.11 543.44
516.49 517.79 520.27 523.68 527.69 531.91 535.92 539.33 541.80 543.11
516.82 518.09 520.51 523.83 527.75 531.86 535.77 539.09 541.51 542.78
517.13 518.37 520.73 523.98 527.80 531.81 535.62 538.87 541.22 542.46
517.44 518.65 520.95 524.12 527.84 531.76 535.48 538.65 540.94 542.15
517.75 518.93 521.17 524.26 527.89 531.71 535.34 538.43 540.67 541.85
518.04 519.19 521.38 524.40 527.94 531.66 535.21 538.22 540.41 541.56
518.33 519.45 521.59 524.53 527.98 531.62 535.07 538.01 540.15 541.27
518.61 519.71 521.79 524.66 528.03 531.57 534.94 537.81 539.89 540.99
518.88 519.95 521.99 524.78 528.07 531.53 534.82 537.61 539.65 540.71
519.15 520.19 522.18 524.91 528.11 531.49 534.69 537.42 539.41 540.45
519.41 520.43 522.36 525.03 528.16 531.45 534.58 537.24 539.17 540.19
519.67 520.66 522.55 525.14 528.20 531.41 534.46 537.05 538.94 539.93
519.91 520.88 522.72 525.26 528.23 531.37 534.34 536.88 538.72 539.69
520.16 521.10 522.90 525.37 528.27 531.33 534.23 536.70 538.50 539.44
520.39 521.31 523.06 525.48 528.31 531.29 534.12 536.54 538.29 539.21
520.62 521.52 523.23 525.58 528.35 531.25 534.02 536.37 538.08 538.98
520.85 521.72 523.39 525.69 528.38 531.22 533.92 536.21 537.88 538.75
521.07 521.92 523.55 525.79 528.42 531.18 533.81 536.05 537.68 538.53
521.28 522.11 523.70 525.88 528.45 531.15 533.72 535.90 537.49 538.32
521.49 522.30 523.85 525.98 528.48 531.12 533.62 535.75 537.30 538.11
521.69 522.49 524.00 526.07 528.52 531.08 533.53 535.60 537.11 537.91
521.89 522.66 524.14 526.16 528.55 531.05 533.44 535.46 536.94 537.71
522.08 522.84 524.28 526.25 528.58 531.02 533.35 535.32 536.76 537.52
522.27 523.01 524.41 526.34 528.61 530.99 533.26 535.19 536.59 537.33
522.46 523.18 524.54 526.42 528.64 530.96 533.18 535.06 536.42 537.14
522.64 523.34 524.67 526.51 528.67 530.93 533.09 534.93 536.26 536.96
522.81 523.50 524.80 526.59 528.69 530.91 533.01 534.80 536.10 536.79
522.98 523.65 524.92 526.67 528.72 530.88 532.93 534.68 535.95 536.62
523.15 523.80 525.04 526.74 528.75 530.85 532.86 534.56 535.80 536.45
523.31 523.95 525.16 526.82 528.77 530.83 532.78 534.44 535.65 536.29
523.47 524.09 525.27 526.89 528.80 530.80 532.71 534.33 535.51 536.13
523.63 524.23 525.38 526.96 528.82 530.78 532.64 534.22 535.37 535.97
523.78 524.37 525.49 527.03 528.85 530.75 532.57 534.11 535.23 535.82
523.92 524.50 525.59 527.10 528.87 530.73 532.50 534.01 535.10 535.68
524.07 524.63 525.70 527.17 528.89 530.71 532.43 533.90 534.97 535.53
524.21 524.76 525.80 527.23 528.91 530.69 532.37 533.80 534.84 535.39
524.35 524.88 525.89 527.29 528.94 530.66 532.31 533.71 534.72 535.25
524.48 525.00 525.99 527.35 528.96 530.64 532.25 533.61 534.60 535.12
524.61 525.12 526.08 527.41 528.98 530.62 532.19 533.52 534.48 534.99
524.74 525.23 526.17 527.47 529.00 530.60 532.13 533.43 534.37 534.86
524.86 525.34 526.26 527.53 529.02 530.58 532.07 533.34 534.26 534.74
524.98 525.45 526.35 527.58 529.04 530.56 532.02 533.25 534.15 534.62
525.10 525.56 526.43 527.64 529.06 530.54 531.96 533.17 534.04 534.50
525.21 525.66 526.52 527.69 529.07 530.53 531.91 533.08 533.94 534.39
525.33 525.76 526.60 527.74 529.09 530.51 531.86 533.00 533.84 534.27
525.44 525.86 526.68 527.79 529.11 530.49 531.81 532.92 533.74 534.16
525.54 525.96 526.75 527.84 529.13 530.47 531.76 532.85 533.64 534.06
525.65 526.05 526.83 527.89 529.14 530.46 531.71 532.77 533.55 533.95
525.75 526.14 526.90 527.94 529.16 530.44 531.66 532.70 533.46 533.85
525.85 526.23 526.97 527.98 529.17 530.43 531.62 532.63 533.37 533.75
525.94 526.32 527.04 528.03 529.19 530.41 531.57 532.56 533.28 533.66
526.04 526.41 527.11 528.07 529.20 530.40 531.53 532.49 533.19 533.56
526.13 526.49 527.17 528.11 529.22 530.38 531.49 532.43 533.11 533.47
526.22 526.57 527.24 528.15 529.23 530.37 531.45 532.36 533.03 533.38
526.31 526.65 527.30 528.19 529.25 530.35 531.41 532.30 532.95 533.29
526.39 526.73 527.36 528.23 529.26 530.34 531.37 532.24 532.87 533.21
526.48 526.80 527.42 528.27 529.27 530.33 531.33 532.18 532.80 533.12
526.56 526.88 527.48 528.31 529.29 530.31 531.29 532.12 532.72 533.04
526.64 526.95 527.54 528.35 529.30 530.30 531.25 532.06 532.65 532.96
526.71 527.02 527.59 528.38 529.31 530.29 531.22 532.01 532.58 532.89
526.79 527.08 527.65 528.42 529.32 530.28 531.18 531.95 532.52 532.81
526.86 527.15 527.70 528.45 529.33 530.27 531.15 531.90 532.45 532.74
526.94 527.22 527.75 528.48 529.35 530.25 531.12 531.85 532.38 532.66
527.01 527.28 527.80 528.52 529.36 530.24 531.08 531.80 532.32 532.59
527.07 527.34 527.85 528.55 529.37 530.23 531.05 531.75 532.26 532.53
527.14 527.40 527.90 528.58 529.38 530.22 531.02 531.70 532.20 532.46
527.21 527.46 527.94 528.61 529.39 530.21 530.99 531.66 532.14 532.39
527.27 527.52 527.99 528.64 529.40 530.20 530.96 531.61 532.08 532.33
527.33 527.57 528.03 528.67 529.41 530.19 530.93 531.57 532.03 532.27
527.39 527.63 528.08 528.69 529.42 530.18 530.91 531.52 531.97 532.21
527.45 527.68 528.12 528.72 529.43 530.17 530.88 531.48 531.92 532.15
527.51 527.73 528.16 528.75 529.44 530.16 530.85 531.44 531.87 532.09
527.56 527.78 528.20 528.77 529.45 530.15 530.83 531.40 531.82 532.04
527.62 527.83 528.24 528.80 529.45 530.15 530.80 531.36 531.77 531.98
527.67 527.88 528.28 528.82 529.46 530.14 530.78 531.32 531.72 531.93
527.72 527.93 528.31 528.85 529.47 530.13 530.75 531.29 531.67 531.88
527.78 527.97 528.35 528.87 529.48 530.12 530.73 531.25 531.63 531.82
527.82 528.02 528.39 528.89 529.49 530.11 530.71 531.21 531.58 531.78
527.87 528.06 528.42 528.91 529.49 530.11 530.69 531.18 531.54 531.73
527.92 528.10 528.45 528.94 529.50 530.10 530.66 531.15 531.50 531.68
527.97 528.15 528.49 528.96 529.51 530.09 530.64 531.11 531.45 531.63
528.01 528.19 528.52 528.98 529.52 530.08 530.62 531.08 531.41 531.59
528.06 528.23 528.55 529.00 529.52 530.08 530.60 531.05 531.37 531.54
528.10 528.26 528.58 529.02 529.53 530.07 530.58 531.02 531.34 531.50
528.14 528.30 528.61 529.04 529.54 530.06 530.56 530.99 531.30 531.46
528.18 528.34 528.64 529.06 529.54 530.06 530.54 530.96 531.26 531.42
528.22 528.37 528.67 529.07 529.55 530.05 530.53 530.93 531.23 531.38
528.26 528.41 528.70 529.09 529.56 530.04 530.51 530.90 531.19 531.34
528.30 528.44 528.72 529.11 529.56 530.04 530.49 530.88 531.16 531.30
528.33 528.48 528.75 529.13 529.57 530.03 530.47 530.85 531.12 531.27
528.37 528.51 528.78 529.14 529.57 530.03 530.46 530.82 531.09 531.23
528.40 528.54 528.80 529.16 529.58 530.02 530.44 530.80 531.06 531.20
528.44 528.57 528.82 529.17 529.58 530.02 530.43 530.78 531.03 531.16
528.47 528.60 528.85 529.19 529.59 530.01 530.41 530.75 531.00 531.13
528.50 528.63 528.87 529.20 529.59 530.01 530.40 530.73 530.97 531.10
528.54 528.66 528.89 529.22 529.60 530.00 530.38 530.71 530.94 531.06
528.57 528.69 528.92 529.23 529.60 530.00 530.37 530.68 530.91 531.03
528.60 528.71 528.94 529.25 529.61 529.99 530.35 530.66 530.89 531.00
528.63 528.74 528.96 529.26 529.61 529.99 530.34 530.64 530.86 530.97
528.65 528.77 528.98 529.27 529.62 529.98 530.33 530.62 530.83 530.95
528.68 528.79 529.00 529.29 529.62 529.98 530.31 530.60 530.81 530.92
528.71 528.82 529.02 529.30 529.63 529.97 530.30 530.58 530.78 530.89
528.74 528.84 529.04 529.31 529.63 529.97 530.29 530.56 530.76 530.86
528.76 528.86 529.06 529.32 529.64 529.96 530.28 530.54 530.74 530.84
528.79 528.89 529.08 529.33 529.64 529.96 530.27 530.52 530.71 530.81
528.81 528.91 529.09 529.35 529.64 529.96 530.25 530.51 530.69 530.79
528.84 528.93 529.11 529.36 529.65 529.95 530.24 530.49 530.67 530.76
528.86 528.95 529.13 529.37 529.65 529.95 530.23 530.47 530.65 530.74
528.88 528.97 529.14 529.38 529.65 529.95 530.22 530.46 530.63 530.72
528.91 528.99 529.16 529.39 529.66 529.94 530.21 530.44 530.61 530.69
528.93 529.01 529.18 529.40 529.66 529.94 530.20 530.42 530.59 530.67
528.95 529.03 529.19 529.41 529.67 529.93 530.19 530.41 530.57 530.65
528.97 529.05 529.21 529.42 529.67 529.93 530.18 530.39 530.55 530.63
528.99 529.07 529.22 529.43 529.67 529.93 530.17 530.38 530.53 530.61
529.01 529.09 529.23 529.44 529.67 529.93 530.16 530.37 530.51 530.59
529.03 529.11 529.25 529.45 529.68 529.92 530.15 530.35 530.49 530.57
529.05 529.12 529.26 529.45 529.68 529.92 530.15 530.34 530.48 530.55
529.07 529.14 529.28 529.46 529.68 529.92 530.14 530.32 530.46 530.53
529.08 529.15 529.29 529.47 529.69 529.91 530.13 530.31 530.45 530.52
529.10 529.17 529.30 529.48 529.69 529.91 530.12 530.30 530.43 530.50
529.12 529.19 529.31 529.49 529.69 529.91 530.11 530.29 530.41 530.48
529.14 529.20 529.32 529.49 529.69 529.91 530.11 530.28 530.40 530.46
529.15 529.22 529.34 529.50 529.70 529.90 530.10 530.26 530.38 530.45
529.17 529.23 529.35 529.51 529.70 529.90 530.09 530.25 530.37 530.43
529.18 529.24 529.36 529.52 529.70 529.90 530.08 530.24 530.36 530.42
529.20 529.26 529.37 529.52 529.70 529.90 530.08 530.23 530.34 530.40
529.21 529.27 529.38 529.53 529.71 529.89 530.07 530.22 530.33 530.39
529.23 529.28 529.39 529.54 529.71 529.89 530.06 530.21 530.32 530.37
529.24 529.30 529.40 529.54 529.71 529.89 530.06 530.20 530.30 530.36
529.26 529.31 529.41 529.55 529.71 529.89 530.05 530.19 530.29 530.34
529.27 529.32 529.42 529.56 529.72 529.88 530.04 530.18 530.28 530.33
529.28 529.33 529.43 529.56 529.72 529.88 530.04 530.17 530.27 530.32
529.29 529.34 529.44 529.57 529.72 529.88 530.03 530.16 530.26 530.31
529.31 529.36 529.45 529.57 529.72 529.88 530.03 530.15 530.24 530.29
529.32 529.37 529.46 529.58 529.72 529.88 530.02 530.14 530.23 530.28
529.33 529.38 529.46 529.58 529.73 529.87 530.02 530.14 530.22 530.27
529.34 529.39 529.47 529.59 529.73 529.87 530.01 530.13 530.21 530.26
529.35 529.40 529.48 529.59 529.73 529.87 530.01 530.12 530.20 530.25
529.36 529.41 529.49 529.60 529.73 529.87 530.00 530.11 530.19 530.24
529.37 529.42 529.50 529.60 529.73 529.87 530.00 530.10 530.18 530.23
529.39 529.43 529.50 529.61 529.73 529.87 529.99 530.10 530.17 530.21
529.40 529.44 529.51 529.61 529.74 529.86 529.99 530.09 530.16 530.20
529.41 529.44 529.52 529.62 529.74 529.86 529.98 530.08 530.16 530.19
529.42 529.45 529.52 529.62 529.74 529.86 529.98 530.08 530.15 530.18
529.42 529.46 529.53 529.63 529.74 529.86 529.97 530.07 530.14 530.18
529.43 529.47 529.54 529.63 529.74 529.86 529.97 530.06 530.13 530.17
529.44 529.48 529.54 529.64 529.74 529.86 529.96 530.06 530.12 530.16
529.45 529.49 529.55 529.64 529.74 529.86 529.96 530.05 530.11 530.15
529.46 529.49 529.56 529.64 529.75 529.85 529.96 530.04 530.11 530.14
529.47 529.50 529.56 529.65 529.75 529.85 529.95 530.04 530.10 530.13
529.48 529.51 529.57 529.65 529.75 529.85 529.95 530.03 530.09 530.12
529.48 529.52 529.57 529.65 529.75 529.85 529.95 530.03 530.08 530.12
529.49 529.52 529.58 529.66 529.75 529.85 529.94 530.02 530.08 530.11
529.50 529.53 529.58 529.66 529.75 529.85 529.94 530.02 530.07 530.10
529.51 529.54 529.59 529.67 529.75 529.85 529.93 530.01 530.06 530.09
529.51 529.54 529.60 529.67 529.75 529.85 529.93 530.00 530.06 530.09
529.52 529.55 529.60 529.67 529.76 529.84 529.93 530.00 530.05 530.08
529.53 529.55 529.61 529.67 529.76 529.84 529.93 529.99 530.05 530.07
529.53 529.56 529.61 529.68 529.76 529.84 529.92 529.99 530.04 530.07
529.54 529.57 529.61 529.68 529.76 529.84 529.92 529.99 530.03 530.06
529.55 529.57 529.62 529.68 529.76 529.84 529.92 529.98 530.03 530.05
529.55 529.58 529.62 529.69 529.76 529.84 529.91 529.98 530.02 530.05
529.56 529.58 529.63 529.69 529.76 529.84 529.91 529.97 530.02 530.04
529.57 529.59 529.63 529.69 529.76 529.84 529.91 529.97 530.01 530.03
529.57 529.59 529.64 529.69 529.76 529.84 529.91 529.96 530.01 530.03
529.58 529.60 529.64 529.70 529.76 529.84 529.90 529.96 530.00 530.02
529.58 529.60 529.64 529.70 529.77 529.83 529.90 529.96 530.00 530.02
529.59 529.61 529.65 529.70 529.77 529.83 529.90 529.95 529.99 530.01
529.59 529.61 529.65 529.70 529.77 529.83 529.90 529.95 529.99 530.01
529.60 529.62 529.66 529.71 529.77 529.83 529.89 529.94 529.98 530.00
529.60 529.62 529.66 529.71 529.77 529.83 529.89 529.94 529.98 530.00
529.61 529.63 529.66 529.71 529.77 529.83 529.89 529.94 529.97 529.99
529.61 529.63 529.67 529.71 529.77 529.83 529.89 529.93 529.97 529.99
529.62 529.63 529.67 529.72 529.77 529.83 529.88 529.93 529.97 529.98
529.62 529.64 529.67 529.72 529.77 529.83 529.88 529.93 529.96 529.98
529.63 529.64 529.68 529.72 529.77 529.83 529.88 529.92 529.96 529.97
529.63 529.65 529.68 529.72 529.77 529.83 529.88 529.92 529.95 529.97
529.63 529.65 529.68 529.72 529.77 529.83 529.88 529.92 529.95 529.97
529.64 529.65 529.68 529.73 529.77 529.83 529.87 529.92 529.95 529.96
529.64 529.66 529.69 529.73 529.78 529.82 529.87 529.91 529.94 529.96
529.65 529.66 529.69 529.73 529.78 529.82 529.87 529.91 529.94 529.95
529.65 529.66 529.69 529.73 529.78 529.82 529.87 529.91 529.94 529.95
529.65 529.67 529.70 529.73 529.78 529.82 529.87 529.90 529.93 529.95
529.66 529.67 529.70 529.73 529.78 529.82 529.87 529.90 529.93 529.94
529.66 529.67 529.70 529.74 529.78 529.82 529.86 529.90 529.93 529.94
529.66 529.68 529.70 529.74 529.78 529.82 529.86 529.90 529.92 529.94
529.67 529.68 529.71 529.74 529.78 529.82 529.86 529.89 529.92 529.93
529.67 529.68 529.71 529.74 529.78 529.82 529.86 529.89 529.92 529.93
529.67 529.69 529.71 529.74 529.78 529.82 529.86 529.89 529.91 529.93
529.68 529.69 529.71 529.74 529.78 529.82 529.86 529.89 529.91 529.92
529.68 529.69 529.71 529.74 529.78 529.82 529.86 529.89 529.91 529.92
529.68 529.69 529.72 529.75 529.78 529.82 529.85 529.88 529.91 529.92
529.69 529.70 529.72 529.75 529.78 529.82 529.85 529.88 529.90 529.91
529.69 529.70 529.72 529.75 529.78 529.82 529.85 529.88 529.90 529.91
529.69 529.70 529.72 529.75 529.78 529.82 529.85 529.88 529.90 529.91
529.69 529.70 529.72 529.75 529.78 529.82 529.85 529.88 529.90 529.91
529.70 529.71 529.73 529.75 529.78 529.82 529.85 529.87 529.89 529.90
529.70 529.71 529.73 529.75 529.78 529.82 529.85 529.87 529.89 529.90
529.70 529.71 529.73 529.75 529.78 529.82 529.85 529.87 529.89 529.90
529.70 529.71 529.73 529.76 529.78 529.82 529.84 529.87 529.89 529.90
529.71 529.72 529.73 529.76 529.79 529.81 529.84 529.87 529.88 529.89
529.71 529.72 529.73 529.76 529.79 529.81 529.84 529.87 529.88 529.89
529.71 529.72 529.74 529.76 529.79 529.81 529.84 529.86 529.88 529.89
529.71 529.72 529.74 529.76 529.79 529.81 529.84 529.86 529.88 529.89
529.72 529.72 529.74 529.76 529.79 529.81 529.84 529.86 529.88 529.88
529.72 529.73 529.74 529.76 529.79 529.81 529.84 529.86 529.87 529.88
529.72 529.73 529.74 529.76 529.79 529.81 529.84 529.86 529.87 529.88
529.72 529.73 529.74 529.76 529.79 529.81 529.84 529.86 529.87 529.88
529.72 529.73 529.74 529.76 529.79 529.81 529.84 529.86 529.87 529.88
529.72 529.73 529.75 529.77 529.79 529.81 529.83 529.85 529.87 529.88
529.73 529.73 529.75 529.77 529.79 529.81 529.83 529.85 529.87 529.87
529.73 529.74 529.75 529.77 529.79 529.81 529.83 529.85 529.86 529.87
529.73 529.74 529.75 529.77 529.79 529.81 529.83 529.85 529.86 529.87
529.73 529.74 529.75 529.77 529.79 529.81 529.83 529.85 529.86 529.87
529.73 529.74 529.75 529.77 529.79 529.81 529.83 529.85 529.86 529.87
529.74 529.74 529.75 529.77 529.79 529.81 529.83 529.85 529.86 529.86
529.74 529.74 529.75 529.77 529.79 529.81 529.83 529.85 529.86 529.86
529.74 529.74 529.76 529.77 529.79 529.81 529.83 529.84 529.86 529.86
529.74 529.75 529.76 529.77 529.79 529.81 529.83 529.84 529.85 529.86
529.74 529.75 529.76 529.77 529.79 529.81 529.83 529.84 529.85 529.86
529.74 529.75 529.76 529.77 529.79 529.81 529.83 529.84 529.85 529.86
529.74 529.75 529.76 529.77 529.79 529.81 529.83 529.84 529.85 529.86
529.75 529.75 529.76 529.78 529.79 529.81 529.82 529.84 529.85 529.85
529.75 529.75 529.76 529.78 529.79 529.81 529.82 529.84 529.85 529.85
529.75 529.75 529.76 529.78 529.79 529.81 529.82 529.84 529.85 529.85
529.75 529.75 529.76 529.78 529.79 529.81 529.82 529.84 529.85 529.85
529.75 529.76 529.76 529.78 529.79 529.81 529.82 529.84 529.84 529.85
529.75 529.76 529.77 529.78 529.79 529.81 529.82 529.83 529.84 529.85
529.75 529.76 529.77 529.78 529.79 529.81 529.82 529.83 529.84 529.85
529.75 529.76 529.77 529.78 529.79 529.81 529.82 529.83 529.84 529.85
529.76 529.76 529.77 529.78 529.79 529.81 529.82 529.83 529.84 529.84
529.76 529.76 529.77 529.78 529.79 529.81 529.82 529.83 529.84 529.84
529.76 529.76 529.77 529.78 529.79 529.81 529.82 529.83 529.84 529.84
529.76 529.76 529.77 529.78 529.79 529.81 529.82 529.83 529.84 529.84
529.76 529.76 529.77 529.78 529.79 529.81 529.82 529.83 529.84 529.84
529.76 529.76 529.77 529.78 529.79 529.81 529.82 529.83 529.84 529.84
529.76 529.77 529.77 529.78 529.79 529.81 529.82 529.83 529.83 529.84
529.76 529.77 529.77 529.78 529.79 529.81 529.82 529.83 529.83 529.84
529.76 529.77 529.77 529.78 529.79 529.81 529.82 529.83 529.83 529.84
529.76 529.77 529.77 529.78 529.79 529.81 529.82 529.83 529.83 529.84
529.77 529.77 529.78 529.78 529.79 529.81 529.82 529.82 529.83 529.83
529.77 529.77 529.78 529.78 529.79 529.81 529.82 529.82 529.83 529.83
529.77 529.77 529.78 529.78 529.79 529.81 529.82 529.82 529.83 529.83
529.77 529.77 529.78 529.79 529.79 529.81 529.81 529.82 529.83 529.83
529.77 529.77 529.78 529.79 529.80 529.80 529.81 529.82 529.83 529.83
529.77 529.77 529.78 529.79 529.80 529.80 529.81 529.82 529.83 529.83
529.77 529.77 529.78 529.79 529.80 529.80 529.81 529.82 529.83 529.83
529.77 529.77 529.78 529.79 529.80 529.80 529.81 529.82 529.83 529.83
529.77 529.77 529.78 529.79 529.80 529.80 529.81 529.82 529.83 529.83
529.77 529.77 529.78 529.79 529.80 529.80 529.81 529.82 529.83 529.83
529.77 529.78 529.78 529.79 529.80 529.80 529.81 529.82 529.82 529.83
529.77 529.78 529.78 529.79 529.80 529.80 529.81 529.82 529.82 529.83
529.77 529.78 529.78 529.79 529.80 529.80 529.81 529.82 529.82 529.83
529.77 529.78 529.78 529.79 529.80 529.80 529.81 529.82 529.82 529.83
529.78 529.78 529.78 529.79 529.80 529.80 529.81 529.82 529.82 529.82
529.78 529.78 529.78 529.79 529.80 529.80 529.81 529.82 529.82 529.82
529.78 529.78 529.78 529.79 529.80 529.80 529.81 529.82 529.82 529.82
529.78 529.78 529.78 529.79 529.80 529.80 529.81 529.82 529.82 529.82
529.78 529.78 529.78 529.79 529.80 529.80 529.81 529.82 529.82 529.82
529.78 529.78 529.78 529.79 529.80 529.80 529.81 529.82 529.82 529.82
529.78 529.78 529.78 529.79 529.80 529.80 529.81 529.82 529.82 529.82
529.78 529.78 529.79 529.79 529.80 529.80 529.81 529.81 529.82 529.82
529.78 529.78 529.79 529.79 529.80 529.80 529.81 529.81 529.82 529.82
529.78 529.78 529.79 529.79 529.80 529.80 529.81 529.81 529.82 529.82
529.78 529.78 529.79 529.79 529.80 529.80 529.81 529.81 529.82 529.82
529.78 529.78 529.79 529.79 529.80 529.80 529.81 529.81 529.82 529.82
529.78 529.78 529.79 529.79 529.80 529.80 529.81 529.81 529.82 529.82
529.78 529.78 529.79 529.79 529.80 529.80 529.81 529.81 529.82 529.82
529.78 529.78 529.79 529.79 529.80 529.80 529.81 529.81 529.82 529.82
529.78 529.78 529.79 529.79 529.80 529.80 529.81 529.81 529.82 529.82
529.78 529.79 529.79 529.79 529.80 529.80 529.81 529.81 529.81 529.82
529.78 529.79 529.79 529.79 529.80 529.80 529.81 529.81 529.81 529.82
529.78 529.79 529.79 529.79 529.80 529.80 529.81 529.81 529.81 529.82
529.78 529.79 529.79 529.79 529.80 529.80 529.81 529.81 529.81 529.82
529.79 529.79 529.79 529.79 529.80 529.80 529.81 529.81 529.81 529.81
529.79 529.79 529.79 529.79 529.80 529.80 529.81 529.81 529.81 529.81
529.79 529.79 529.79 529.79 529.80 529.80 529.81 529.81 529.81 529.81
529.79 529.79 529.79 529.79 529.80 529.80 529.81 529.81 529.81 529.81
529.79 529.79 529.79 529.79 529.80 529.80 529.81 529.81 529.81 529.81
529.79 529.79 529.79 529.79 529.80 529.80 529.81 529.81 529.81 529.81
529.79 529.79 529.79 529.79 529.80 529.80 529.81 529.81 529.81 529.81
529.79 529.79 529.79 529.79 529.80 529.80 529.81 529.81 529.81 529.81
529.79 529.79 529.79 529.79 529.80 529.80 529.81 529.81 529.81 529.81
529.79 529.79 529.79 529.79 529.80 529.80 529.81 529.81 529.81 529.81
529.79 529.79 529.79 529.79 529.80 529.80 529.81 529.81 529.81 529.81
529.79 529.79 529.79 529.79 529.80 529.80 529.81 529.81 529.81 529.81
529.79 529.79 529.79 529.79 529.80 529.80 529.81 529.81 529.81 529.81
529.79 529.79 529.79 529.80 529.80 529.80 529.80 529.81 529.81 529.81
529.79 529.79 529.79 529.80 529.80 529.80 529.80 529.81 529.81 529.81
529.79 529.79 529.79 529.80 529.80 529.80 529.80 529.81 529.81 529.81
529.79 529.79 529.79 529.80 529.80 529.80 529.80 529.81 529.81 529.81
529.79 529.79 529.79 529.80 529.80 529.80 529.80 529.81 529.81 529.81
529.79 529.79 529.79 529.80 529.80 529.80 529.80 529.81 529.81 529.81
529.79 529.79 529.79 529.80 529.80 529.80 529.80 529.81 529.81 529.81
529.79 529.79 529.79 529.80 529.80 529.80 529.80 529.81 529.81 529.81
529.79 529.79 529.79 529.80 529.80 529.80 529.80 529.81 529.81 529.81
529.79 529.79 529.79 529.80 529.80 529.80 529.80 529.81 529.81 529.81
529.79 529.79 529.79 529.80 529.80 529.80 529.80 529.81 529.81 529.81
529.79 529.79 529.79 529.80 529.80 529.80 529.80 529.81 529.81 529.81
529.79 529.79 529.79 529.80 529.80 529.80 529.80 529.81 529.81 529.81
529.79 529.79 529.79 529.80 529.80 529.80 529.80 529.81 529.81 529.81
529.79 529.79 529.79 529.80 529.80 529.80 529.80 529.81 529.81 529.81
529.79 529.79 529.79 529.80 529.80 529.80 529.80 529.81 529.81 529.81
529.79 529.79 529.79 529.80 529.80 529.80 529.80 529.81 529.81 529.81
529.79 529.79 529.79 529.80 529.80 529.80 529.80 529.81 529.81 529.81
529.79 529.79 529.80 529.80 529.80 529.80 529.80 529.80 529.81 529.81
529.79 529.79 529.80 529.80 529.80 529.80 529.80 529.80 529.81 529.81
529.79 529.79 529.80 529.80 529.80 529.80 529.80 529.80 529.81 529.81
529.79 529.79 529.80 529.80 529.80 529.80 529.80 529.80 529.81 529.81
529.79 529.79 529.80 529.80 529.80 529.80 529.80 529.80 529.81 529.81
529.79 529.79 529.80 529.80 529.80 529.80 529.80 529.80 529.81 529.81
529.79 529.79 529.80 529.80 529.80 529.80 529.80 529.80 529.81 529.81
529.79 529.79 529.80 529.80 529.80 529.80 529.80 529.80 529.81 529.81
529.79 529.79 529.80 529.80 529.80 529.80 529.80 529.80 529.81 529.81
529.79 529.79 529.80 529.80 529.80 529.80 529.80 529.80 529.81 529.81
529.79 529.80 529.80 529.80 529.80 529.80 529.80 529.80 529.80 529.81
529.79 529.80 529.80 529.80 529.80 529.80 529.80 529.80 529.80 529.81
529.79 529.80 529.80 529.80 529.80 529.80 529.80 529.80 529.80 529.81
529.79 529.80 529.80 529.80 529.80 529.80 529.80 529.80 529.80 529.81
529.80 529.80 529.80 529.80 529.80 529.80 529.80 529.80 529.80 529.80
529.80 529.80 529.80 529.80 529.80 529.80 529.80 529.80 529.80 529.80
529.80 529.80 529.80 529.80 529.80 529.80 529.80 529.80 529.80 529.80
529.80 529.80 529.80 529.80 529.80 529.80 529.80 529.80 529.80 529.80
529.80 529.80 529.80 529.80 529.80 529.80 529.80 529.80 529.80 529.80
529.80 529.80 529.80 529.80 529.80 529.80 529.80 529.80 529.80 529.80
529.80 529.80 529.80 529.80 529.80 529.80 529.80 529.80 529.80 529.80
529.80 529.80 529.80 529.80 529.80 529.80 529.80 529.80 529.80 529.80
529.80 529.80 529.80 529.80 529.80 529.80 529.80 529.80 529.80 529.80
529.80 529.80 529.80 529.80 529.80 529.80 529.80 529.80 529.80 529.80
529.80 529.80 529.80 529.80 529.80 529.80 529.80 529.80 529.80 529.80
529.80 529.80 529.80 529.80 529.80 529.80 529.80 529.80 529.80 529.80
529.80 529.80 529.80 529.80 529.80 529.80 529.80 529.80 529.80 529.80
529.80 529.80 529.80 529.80 529.80 529.80 529.80 529.80 529.80 529.80
529.80 529.80 529.80 529.80 529.80 529.80 529.80 529.80 529.80 529.80
529.80 529.80 529.80 529.80 529.80 529.80 529.80 529.80 529.80 529.80
529.80 529.80 529.80 529.80 529.80 529.80 529.80 529.80 529.80 529.80
529.80 529.80 529.80 529.80 529.80 529.80 529.80 529.80 529.80 529.80
529.80 529.80 529.80 529.80 529.80 529.80 529.80 529.80 529.80 529.80
529.80 529.80 529.80 529.80 529.80 529.80 529.80 529.80 529.80 529.80
529.80 529.80 529.80 529.80 529.80 529.80 529.80 529.80 529.80 529.80
529.80 529.80 529.80 529.80 529.80 529.80 529.80 529.80 529.80 529.80
529.80 529.80 529.80 529.80 529.80 529.80 529.80 529.80 529.80 529.80
529.80 529.80 529.80 529.80 529.80 529.80 529.80 529.80 529.80 529.80
529.80 529.80 529.80 529.80 529.80 529.80 529.80 529.80 529.80 529.80
529.80 529.80 529.80 529.80 529.80 529.80 529.80 529.80 529.80 529.80
529.80 529.80 529.80 529.80 529.80 529.80 529.80 529.80 529.80 529.80
529.80 529.80 529.80 529.80 529.80 529.80 529.80 529.80 529.80 529.80
529.80 529.80 529.80 529.80 529.80 529.80 529.80 529.80 529.80 529.80
529.80 529.80 529.80 529.80 529.80 529.80 529.80 529.80 529.80 529.80
529.80 529.80 529.80 529.80 529.80 529.80 529.80 529.80 529.80 529.80
529.80 529.80 529.80 529.80 529.80 529.80 529.80 529.80 529.80 529.80
529.80 529.80 529.80 529.80 529.80 529.80 529.80 529.80 529.80 529.80
529.80 529.80 529.80 529.80 529.80 529.80 529.80 529.80 529.80 529.80
529.80 529.80 529.80 529.80 529.80 529.80 529.80 529.80 529.80 529.80
529.80 529.80 529.80 529.80 529.80 529.80 529.80 529.80 529.80 529.80
529.80 529.80 529.80 529.80 529.80 529.80 529.80 529.80 529.80 529.80
529.80 529.80 529.80 529.80 529.80 529.80 529.80 529.80 529.80 529.80
529.80 529.80 529.80 529.80 529.80 529.80 529.80 529.80 529.80 529.80
529.80 529.80 529.80 529.80 529.80 529.80 529.80 529.80 529.80 529.80
529.80 529.80 529.80 529.80 529.80 529.80 529.80 529.80 529.80 529.80
529.80 529.80 529.80 529.80 529.80 529.80 529.80 529.80 529.80 529.80
529.80 529.80 529.80 529.80 529.80 529.80 529.80 529.80 529.80 529.80
529.80 529.80 529.80 529.80 529.80 529.80 529.80 529.80 529.80 529.80
529.80 529.80 529.80 529.80 529.80 529.80 529.80 529.80 529.80 529.80
529.80 529.80 529.80 529.80 529.80 529.80 529.80 529.80 529.80 529.80
529.80 529.80 529.80 529.80 529.80 529.80 529.80 529.80 529.80 529.80
529.80 529.80 529.80 529.80 529.80 529.80 529.80 529.80 529.80 529.80
529.80 529.80 529.80 529.80 529.80 529.80 529.80 529.80 529.80 529.80
529.80 529.80 529.80 529.80 529.80 529.80 529.80 529.80 529.80 529.80
529.80 529.80 529.80 529.80 529.80 529.80 529.80 529.80 529.80 529.80
529.80 529.80 529.80 529.80 529.80 529.80 529.80 529.80 529.80 529.80
529.80 529.80 529.80 529.80 529.80 529.80 529.80 529.80 529.80 529.80
529.80 529.80 529.80 529.80 529.80 529.80 529.80 529.80 529.80 529.80
529.80 529.80 529.80 529.80 529.80 529.80 529.80 529.80 529.80 529.80
529.80 529.80 529.80 529.80 529.80 529.80 529.80 529.80 529.80 529.80
529.80 529.80 529.80 529.80 529.80 529.80 529.80 529.80 529.80 529.80
529.80 529.80 529.80 529.80 529.80 529.80 529.80 529.80 529.80 529.80
529.80 529.80 529.80 529.80 529.80 529.80 529.80 529.80 529.80 529.80
529.80 529.80 529.80 529.80 529.80 529.80 529.80 529.80 529.80 529.80
529.80 529.80 529.80 529.80 529.80 529.80 529.80 529.80 529.80 529.80
529.80 529.80 529.80 529.80 529.80 529.80 529.80 529.80 529.80 529.80
529.80 529.80 529.80 529.80 529.80 529.80 529.80 529.80 529.80 529.80
529.80 529.80 529.80 529.80 529.80 529.80 529.80 529.80 529.80 529.80
529.80 529.80 529.80 529.80 529.80 529.80 529.80 529.80 529.80 529.80
529.80 529.80 529.80 529.80 529.80 529.80 529.80 529.80 529.80 529.80
529.80 529.80 529.80 529.80 529.80 529.80 529.80 529.80 529.80 529.80
529.80 529.80 529.80 529.80 529.80 529.80 529.80 529.80 529.80 529.80
529.80 529.80 529.80 529.80 529.80 529.80 529.80 529.80 529.80 529.80
529.80 529.80 529.80 529.80 529.80 529.80 529.80 529.80 529.80 529.80
529.80 529.80 529.80 529.80 529.80 529.80 529.80 529.80 529.80 529.80
529.80 529.80 529.80 529.80 529.80 529.80 529.80 529.80 529.80 529.80
529.80 529.80 529.80 529.80 529.80 529.80 529.80 529.80 529.80 529.80
529.80 529.80 529.80 529.80 529.80 529.80 529.80 529.80 529.80 529.80
529.80 529.80 529.80 529.80 529.80 529.80 529.80 529.80 529.80 529.80
529.80 529.80 529.80 529.80 529.80 529.80 529.80 529.80 529.80 529.80
529.80 529.80 529.80 529.80 529.80 529.80 529.80 529.80 529.80 529.80